RunNumber EvtNumber Lumi 
1   13908786   72379   
1   13908803   72379   
1   13908818   72379   
1   13908835   72379   
1   13908856   72379   
1   13908862   72379   
1   13908889   72379   
1   13908891   72379   
1   13908898   72379   
1   13908915   72379   
1   13908927   72379   
1   13908945   72379   
1   13908960   72379   
1   13908962   72379   
1   13908964   72379   
1   13908965   72379   
1   13908973   72379   
1   13908978   72379   
1   13909001   72380   
1   13909016   72380   
1   13909022   72380   
1   13909034   72380   
1   13909037   72380   
1   13909055   72380   
1   13909057   72380   
1   13909058   72380   
1   13909062   72380   
1   13909066   72380   
1   13909073   72380   
1   13909091   72380   
1   13909095   72380   
1   13909099   72380   
1   13909113   72380   
1   13909123   72380   
1   13909128   72380   
1   13909131   72380   
1   13909135   72380   
1   13909137   72380   
1   13909153   72380   
1   13909158   72380   
1   13909163   72380   
1   13909172   72380   
1   14529811   75611   
1   14529832   75611   
1   14529842   75611   
1   14529847   75611   
1   14529849   75611   
1   14529855   75611   
1   14529859   75611   
1   14529885   75611   
1   14529906   75611   
1   14529920   75611   
1   14529938   75611   
1   14529940   75611   
1   14529942   75611   
1   14529947   75611   
1   14529958   75611   
1   14529963   75611   
1   14530027   75612   
1   14530040   75612   
1   14530057   75612   
1   14530065   75612   
1   14530073   75612   
1   14530084   75612   
1   14530099   75612   
1   14530106   75612   
1   14530124   75612   
1   14530127   75612   
1   14530144   75612   
1   14530158   75612   
1   14530179   75612   
1   14530187   75612   
1   14530200   75612   
1   48310490   251399   
1   48310495   251399   
1   48310500   251399   
1   48310507   251399   
1   48310521   251399   
1   48310531   251399   
1   48310542   251399   
1   48310545   251399   
1   48310551   251399   
1   48310555   251399   
1   48310571   251399   
1   48310581   251399   
1   48310585   251399   
1   48310630   251399   
1   48310651   251399   
1   48310657   251399   
1   48310686   251399   
1   48320125   251450   
1   48320127   251450   
1   48320159   251450   
1   48320173   251450   
1   48320181   251450   
1   48320183   251450   
1   48320196   251450   
1   48320205   251450   
1   48320207   251450   
1   48320225   251450   
1   48320255   251450   
1   48320256   251450   
1   48320267   251450   
1   48320272   251450   
1   48320273   251450   
1   48320279   251450   
1   48320281   251450   
1   48320284   251450   
1   48320297   251450   
1   48320306   251450   
1   48320318   251450   
1   48320341   251451   
1   48320349   251451   
1   48320352   251451   
1   48320354   251451   
1   48320361   251451   
1   48320409   251451   
1   48320428   251451   
1   48320440   251451   
1   48320445   251451   
1   48320455   251451   
1   48320466   251451   
1   48320470   251451   
1   48320473   251451   
1   48320475   251451   
1   48320479   251451   
1   48320498   251451   
1   48320511   251451   
1   48320512   251451   
1   48320524   251451   
1   48320535   251452   
1   48320540   251452   
1   48320543   251452   
1   48320556   251452   
1   48320571   251452   
1   48320572   251452   
1   48320578   251452   
1   48320581   251452   
1   48320586   251452   
1   48320589   251452   
1   48320595   251452   
1   48320601   251452   
1   48320612   251452   
1   48320615   251452   
1   48320617   251452   
1   48320619   251452   
1   48320625   251452   
1   48320631   251452   
1   48320666   251452   
1   48320669   251452   
1   48320721   251452   
1   54510244   283662   
1   54510247   283662   
1   54510253   283662   
1   54510277   283662   
1   54510280   283662   
1   54510282   283662   
1   54510285   283662   
1   54510313   283662   
1   54510341   283662   
1   54510369   283662   
1   54510371   283662   
1   54510375   283662   
1   54510377   283662   
1   54510380   283662   
1   54510382   283662   
1   54510396   283662   
1   54510421   283662   
1   54510423   283662   
1   54510431   283663   
1   54510434   283663   
1   54510454   283663   
1   54510472   283663   
1   54510489   283663   
1   54510495   283663   
1   54510522   283663   
1   54510524   283663   
1   54510544   283663   
1   54510555   283663   
1   54510562   283663   
1   54510573   283663   
1   54510581   283663   
1   54510583   283663   
1   54510588   283663   
1   54510594   283663   
1   54510611   283663   
1   54510623   283663   
1   54510644   283664   
1   54510645   283664   
1   54510653   283664   
1   54510679   283664   
1   54510681   283664   
1   54510682   283664   
1   54510693   283664   
1   54510710   283664   
1   54510718   283664   
1   54510719   283664   
1   54510722   283664   
1   54510739   283664   
1   54510742   283664   
1   54510762   283664   
1   54510776   283664   
1   54510779   283664   
1   54510781   283664   
1   54510782   283664   
1   54510805   283664   
1   54510820   283664   
1   54510827   283664   
1   54510851   283665   
1   54510863   283665   
1   54510868   283665   
1   54510880   283665   
1   54510898   283665   
1   54510925   283665   
1   54510985   283665   
1   54511022   283665   
1   54511023   283665   
1   54585625   284054   
1   54585644   284054   
1   54585682   284054   
1   54585688   284054   
1   54585695   284054   
1   54585733   284054   
1   54585743   284054   
1   54585751   284054   
1   54585760   284054   
1   54585779   284054   
1   54585805   284054   
1   54585821   284055   
1   54585824   284055   
1   54585828   284055   
1   54585839   284055   
1   54585843   284055   
1   54585860   284055   
1   54585884   284055   
1   54585888   284055   
1   54585890   284055   
1   54585904   284055   
1   54585919   284055   
1   54585920   284055   
1   54585938   284055   
1   54585963   284055   
1   54586043   284056   
1   54586069   284056   
1   54586079   284056   
1   54586102   284056   
1   54586111   284056   
1   54586118   284056   
1   54586122   284056   
1   54586126   284056   
1   54586135   284056   
1   54586171   284056   
1   54586172   284056   
1   54586198   284056   
1   54586205   284056   
1   54586211   284056   
1   54586212   284056   
1   54608482   284173   
1   54608492   284173   
1   54608498   284173   
1   54608519   284173   
1   54608546   284173   
1   54608556   284173   
1   54608573   284173   
1   54608579   284173   
1   54608588   284173   
1   54608621   284173   
1   54608622   284173   
1   54608633   284173   
1   54608638   284173   
1   54608640   284173   
1   54608644   284173   
1   54608660   284173   
1   54608669   284173   
1   55000106   286211   
1   55000111   286211   
1   55000116   286211   
1   55000117   286211   
1   55000137   286211   
1   55000138   286211   
1   55000158   286211   
1   55000169   286211   
1   55000181   286211   
1   55000184   286211   
1   55000185   286211   
1   55000206   286211   
1   55000228   286211   
1   55000230   286211   
1   55000233   286211   
1   55000234   286211   
1   55000235   286211   
1   55000270   286211   
1   55000278   286211   
1   55000289   286211   
1   55000295   286211   
1   55000318   286212   
1   55000320   286212   
1   55000324   286212   
1   55000332   286212   
1   55000336   286212   
1   55000338   286212   
1   55000347   286212   
1   55000350   286212   
1   55000362   286212   
1   55000380   286212   
1   55000389   286212   
1   55000391   286212   
1   55000392   286212   
1   55000395   286212   
1   55000411   286212   
1   55000427   286212   
1   55000429   286212   
1   55000437   286212   
1   55000448   286212   
1   55000454   286212   
1   55000459   286212   
1   55000470   286212   
1   55000487   286212   
1   55000489   286212   
1   55000504   286213   
1   55000510   286213   
1   55000540   286213   
1   55000575   286213   
1   55000576   286213   
1   55000579   286213   
1   55000590   286213   
1   55000597   286213   
1   55000599   286213   
1   55000600   286213   
1   55000611   286213   
1   55000621   286213   
1   55000624   286213   
1   55000638   286213   
1   55000646   286213   
1   55000648   286213   
1   55000667   286213   
1   55000677   286213   
1   55000683   286213   
1   55000685   286213   
1   55000700   286213   
1   55000703   286214   
1   55000714   286214   
1   55000730   286214   
1   55000741   286214   
1   55000744   286214   
1   55000750   286214   
1   55000751   286214   
1   55000753   286214   
1   55000776   286214   
1   55000791   286214   
1   55000793   286214   
1   55000797   286214   
1   55000805   286214   
1   55000828   286214   
1   55000831   286214   
1   55000849   286214   
1   55000854   286214   
1   55000857   286214   
1   55000860   286214   
1   55000865   286214   
1   55000866   286214   
1   55000883   286214   
1   55000888   286214   
1   55231505   287415   
1   55231517   287415   
1   55231522   287415   
1   55231525   287415   
1   55231526   287415   
1   55231547   287415   
1   55231548   287415   
1   55231592   287415   
1   55231593   287415   
1   55231599   287415   
1   55231600   287415   
1   55231631   287415   
1   55231638   287415   
1   55231642   287415   
1   55231647   287415   
1   55231651   287415   
1   55231654   287415   
1   55231655   287415   
1   55231661   287415   
1   55231665   287415   
1   55231666   287415   
1   55231692   287415   
1   55231694   287415   
1   55231706   287416   
1   55231709   287416   
1   55231733   287416   
1   55231736   287416   
1   55231751   287416   
1   55231760   287416   
1   55231771   287416   
1   55231779   287416   
1   55231795   287416   
1   55231803   287416   
1   55231815   287416   
1   55231838   287416   
1   55231845   287416   
1   55231848   287416   
1   55231864   287416   
1   55231866   287416   
1   55231871   287416   
1   55231883   287416   
1   55231884   287416   
1   55231888   287416   
1   55231907   287417   
1   55231959   287417   
1   55231967   287417   
1   55232005   287417   
1   55232035   287417   
1   55232038   287417   
1   55232040   287417   
1   55232055   287417   
1   55232056   287417   
1   55232058   287417   
1   55232073   287417   
1   55232074   287417   
1   55232086   287417   
1   55232089   287417   
1   55232113   287418   
1   55232115   287418   
1   55232121   287418   
1   55232129   287418   
1   55232135   287418   
1   55232147   287418   
1   55232148   287418   
1   55232155   287418   
1   55232158   287418   
1   55232189   287418   
1   55232190   287418   
1   55232202   287418   
1   55232207   287418   
1   55232208   287418   
1   55232224   287418   
1   55232232   287418   
1   55232238   287418   
1   55232239   287418   
1   55232245   287418   
1   55232253   287418   
1   55232294   287418   
1   55232295   287418   
1   55277226   287653   
1   55277233   287653   
1   55277240   287653   
1   55277241   287653   
1   55277242   287653   
1   55277252   287653   
1   55277258   287653   
1   55277259   287653   
1   55277260   287653   
1   55277261   287653   
1   55277266   287653   
1   55277279   287653   
1   55277280   287653   
1   55277292   287653   
1   55277294   287653   
1   55277295   287653   
1   55277315   287653   
1   55277323   287653   
1   55277331   287653   
1   55277337   287653   
1   55277353   287653   
1   55277367   287653   
1   55277383   287653   
1   55277385   287653   
1   55277399   287653   
1   55277400   287653   
1   55277404   287653   
1   55277410   287653   
1   55277414   287653   
1   55277418   287653   
1   55277419   287653   
1   55277420   287653   
1   55277426   287654   
1   55277434   287654   
1   55277444   287654   
1   55277446   287654   
1   55277453   287654   
1   55277459   287654   
1   55277470   287654   
1   55277484   287654   
1   55277496   287654   
1   55277526   287654   
1   55277530   287654   
1   55277550   287654   
1   55277563   287654   
1   55277566   287654   
1   55277575   287654   
1   55277580   287654   
1   55277600   287654   
1   55277602   287654   
1   55277604   287654   
1   55277606   287654   
1   55277617   287654   
1   55277624   287655   
1   55277632   287655   
1   55277637   287655   
1   55277641   287655   
1   55277646   287655   
1   55277651   287655   
1   55277659   287655   
1   55277665   287655   
1   55277671   287655   
1   55277679   287655   
1   55277682   287655   
1   55277693   287655   
1   55277694   287655   
1   55277704   287655   
1   55277708   287655   
1   55277713   287655   
1   55277722   287655   
1   55277751   287655   
1   55277779   287655   
1   55277804   287655   
1   55277830   287656   
1   55277847   287656   
1   55277854   287656   
1   55277865   287656   
1   55277885   287656   
1   55277891   287656   
1   55277899   287656   
1   55277947   287656   
1   55277979   287656   
1   55277986   287656   
1   55277990   287656   
1   55278013   287656   
1   55278017   287656   
1   55682080   289760   
1   55682087   289760   
1   55682115   289760   
1   55682118   289760   
1   55682154   289760   
1   55682159   289760   
1   55682176   289760   
1   55682178   289760   
1   55682185   289760   
1   55682195   289760   
1   55682200   289760   
1   55682204   289760   
1   55682209   289760   
1   55682216   289760   
1   55682218   289760   
1   55682229   289760   
1   55682236   289760   
1   55682248   289760   
1   55682259   289760   
1   55682269   289760   
1   55682297   289761   
1   55682308   289761   
1   55682309   289761   
1   55682326   289761   
1   55682339   289761   
1   55682341   289761   
1   55682379   289761   
1   55682388   289761   
1   55682390   289761   
1   55682399   289761   
1   55682410   289761   
1   55682425   289761   
1   55682436   289761   
1   55682445   289761   
1   55682470   289761   
1   55682472   289761   
1   55682475   289761   
1   55682477   289762   
1   55682491   289762   
1   55682495   289762   
1   55682504   289762   
1   55682510   289762   
1   55682516   289762   
1   55682525   289762   
1   55682550   289762   
1   55682556   289762   
1   55682578   289762   
1   55682592   289762   
1   55682606   289762   
1   55682619   289762   
1   55682620   289762   
1   55682621   289762   
1   55682628   289762   
1   55682630   289762   
1   55682675   289762   
1   55682676   289762   
1   55682680   289763   
1   55682681   289763   
1   55682687   289763   
1   55682694   289763   
1   55682701   289763   
1   55682703   289763   
1   55682721   289763   
1   55682729   289763   
1   55682736   289763   
1   55682739   289763   
1   55682744   289763   
1   55682769   289763   
1   55682785   289763   
1   55682787   289763   
1   55682797   289763   
1   55682806   289763   
1   55682808   289763   
1   55682811   289763   
1   55682827   289763   
1   55682833   289763   
1   55682858   289763   
1   55682862   289763   
1   55682867   289763   
1   55757073   290150   
1   55757088   290150   
1   55757104   290150   
1   55757107   290150   
1   55757134   290150   
1   55757136   290150   
1   55757141   290150   
1   55757150   290150   
1   55757166   290150   
1   55757167   290150   
1   55757169   290150   
1   55757186   290150   
1   55757206   290150   
1   55757208   290150   
1   55757214   290150   
1   55757227   290150   
1   55757229   290150   
1   55757231   290150   
1   55757234   290150   
1   55757250   290150   
1   55757257   290150   
1   55757265   290150   
1   55757278   290151   
1   55757281   290151   
1   55757292   290151   
1   55757293   290151   
1   55757305   290151   
1   55757307   290151   
1   55757308   290151   
1   55757311   290151   
1   55757331   290151   
1   55757346   290151   
1   55757354   290151   
1   55757373   290151   
1   55757375   290151   
1   55757377   290151   
1   55757417   290151   
1   55757419   290151   
1   55757425   290151   
1   55757438   290151   
1   55757470   290152   
1   55757473   290152   
1   55757486   290152   
1   55757492   290152   
1   55757497   290152   
1   55757502   290152   
1   55757519   290152   
1   55757524   290152   
1   55757571   290152   
1   55757582   290152   
1   55757593   290152   
1   55757597   290152   
1   55757641   290152   
1   55757642   290152   
1   55757650   290152   
1   55757662   290152   
1   55757663   290152   
1   55757674   290153   
1   55757677   290153   
1   55757700   290153   
1   55757719   290153   
1   55757720   290153   
1   55757726   290153   
1   55757728   290153   
1   55757760   290153   
1   55757763   290153   
1   55757772   290153   
1   55757774   290153   
1   55757776   290153   
1   55757808   290153   
1   55788554   290314   
1   55788563   290314   
1   55788580   290314   
1   55788594   290314   
1   55788597   290314   
1   55788605   290314   
1   55788620   290314   
1   55788627   290314   
1   55788638   290314   
1   55788645   290314   
1   55788659   290314   
1   55788678   290314   
1   55788706   290314   
1   55788713   290314   
1   55788715   290314   
1   55788724   290314   
1   55788734   290314   
1   55788740   290314   
1   55788753   290315   
1   55788761   290315   
1   55788764   290315   
1   55788770   290315   
1   55788788   290315   
1   55788796   290315   
1   55788804   290315   
1   55788807   290315   
1   55788820   290315   
1   55788839   290315   
1   55788843   290315   
1   55788858   290315   
1   55788867   290315   
1   55788876   290315   
1   55788881   290315   
1   55788883   290315   
1   55788895   290315   
1   55788905   290315   
1   55788920   290315   
1   55788954   290316   
1   55788958   290316   
1   55788965   290316   
1   55788975   290316   
1   55788980   290316   
1   55788988   290316   
1   55789001   290316   
1   55789006   290316   
1   55789020   290316   
1   55789030   290316   
1   55789044   290316   
1   55789060   290316   
1   55789079   290316   
1   55789080   290316   
1   55789082   290316   
1   55789113   290316   
1   55789131   290316   
1   55789142   290316   
1   55789173   290317   
1   55789195   290317   
1   55789223   290317   
1   55789229   290317   
1   55789238   290317   
1   55789259   290317   
1   55789267   290317   
1   55789276   290317   
1   55789278   290317   
1   55789281   290317   
1   55789290   290317   
1   55789292   290317   
1   55789305   290317   
1   55789341   290317   
1   55840487   290584   
1   55840500   290584   
1   55840509   290584   
1   55840533   290584   
1   55840541   290584   
1   55840555   290584   
1   55840560   290584   
1   55840612   290584   
1   55840638   290584   
1   55840641   290584   
1   55840651   290584   
1   55840705   290585   
1   55840709   290585   
1   55840723   290585   
1   55840727   290585   
1   55840738   290585   
1   55840741   290585   
1   55840743   290585   
1   55840787   290585   
1   55840802   290585   
1   55840805   290585   
1   55840817   290585   
1   55840819   290585   
1   55840833   290585   
1   55840852   290585   
1   55840859   290585   
1   55840863   290585   
1   55840866   290585   
1   55840872   290585   
1   55840880   290585   
1   56392332   293456   
1   56392361   293456   
1   56392369   293456   
1   56392370   293456   
1   56392373   293456   
1   56392384   293456   
1   56392389   293456   
1   56392391   293456   
1   56392399   293456   
1   56392407   293456   
1   56392408   293456   
1   56392418   293456   
1   56392419   293456   
1   56392423   293456   
1   56392424   293456   
1   56392428   293456   
1   56392430   293456   
1   56392436   293456   
1   56392443   293456   
1   56392452   293456   
1   56392463   293456   
1   56392476   293456   
1   56392479   293456   
1   56392501   293456   
1   56392525   293457   
1   56392602   293457   
1   56392603   293457   
1   56392608   293457   
1   56392614   293457   
1   56392642   293457   
1   56392645   293457   
1   56392647   293457   
1   56392668   293457   
1   56392677   293457   
1   56392681   293457   
1   56392691   293457   
1   56392694   293457   
1   56392695   293457   
1   56392712   293457   
1   56392713   293457   
1   55862545   290699   
1   55862548   290699   
1   55862554   290699   
1   55862557   290699   
1   55862579   290699   
1   55862582   290699   
1   55862589   290699   
1   55862616   290699   
1   55862630   290699   
1   55862644   290699   
1   55862647   290699   
1   55862650   290699   
1   55862653   290699   
1   55862657   290699   
1   55862660   290699   
1   55862685   290699   
1   55862698   290699   
1   55862713   290699   
1   55862721   290699   
1   55862728   290699   
1   55862743   290699   
1   55940953   291107   
1   55940958   291107   
1   55940962   291107   
1   55940978   291107   
1   55940982   291107   
1   55940989   291107   
1   55940994   291107   
1   55941001   291107   
1   55941003   291107   
1   55941012   291107   
1   55941017   291107   
1   55941029   291107   
1   55941036   291107   
1   55941043   291107   
1   55941083   291107   
1   55941085   291107   
1   55941091   291107   
1   55941094   291107   
1   55941098   291107   
1   55941105   291107   
1   55941110   291107   
1   55941143   291107   
1   55941146   291107   
1   55941151   291108   
1   55941171   291108   
1   55941198   291108   
1   55941224   291108   
1   55941235   291108   
1   55941248   291108   
1   55941249   291108   
1   55941257   291108   
1   55941259   291108   
1   55941265   291108   
1   55941266   291108   
1   55941277   291108   
1   55941296   291108   
1   55941302   291108   
1   55941334   291108   
1   55941350   291109   
1   55941372   291109   
1   55941375   291109   
1   55941378   291109   
1   55941381   291109   
1   55941401   291109   
1   55941425   291109   
1   55941429   291109   
1   55941437   291109   
1   55941456   291109   
1   55941472   291109   
1   55941474   291109   
1   55941476   291109   
1   55941479   291109   
1   55941484   291109   
1   55941494   291109   
1   55941523   291109   
1   55941527   291109   
1   55941528   291109   
1   55941540   291109   
1   55941542   291109   
1   55941544   291109   
1   55888427   290834   
1   55888451   290834   
1   55888456   290834   
1   55888468   290834   
1   55888472   290834   
1   55888489   290834   
1   55888505   290834   
1   55888509   290834   
1   55888511   290834   
1   55888513   290834   
1   55888553   290834   
1   55888554   290834   
1   55888574   290834   
1   55888583   290834   
1   55888586   290834   
1   55888598   290834   
1   55888599   290834   
1   55888611   290834   
1   55892625   290855   
1   55892644   290855   
1   55892646   290855   
1   55892650   290855   
1   55892652   290855   
1   55892683   290855   
1   55892694   290855   
1   55892706   290855   
1   55892713   290855   
1   55892729   290855   
1   55892769   290855   
1   55892770   290855   
1   55892780   290855   
1   55892786   290855   
1   55892789   290855   
1   55892793   290855   
1   55892794   290855   
1   55892796   290855   
1   55911286   290953   
1   55911288   290953   
1   55911305   290953   
1   55911306   290953   
1   55911314   290953   
1   55911329   290953   
1   55911354   290953   
1   55911362   290953   
1   55911399   290953   
1   55911415   290953   
1   55911428   290953   
1   55911438   290953   
1   55911449   290953   
1   55911450   290953   
1   55911456   290953   
1   55911460   290953   
1   55911472   290953   
1   55925925   291029   
1   55925926   291029   
1   55925930   291029   
1   55925936   291029   
1   55925949   291029   
1   55925973   291029   
1   55925981   291029   
1   55925992   291029   
1   55925998   291029   
1   55926004   291029   
1   55926006   291029   
1   55926015   291029   
1   55926018   291029   
1   55926025   291029   
1   55926027   291029   
1   55926051   291029   
1   55926058   291029   
1   55926071   291029   
1   55926086   291029   
1   55926087   291029   
1   55926110   291029   
1   55926124   291030   
1   55926168   291030   
1   55926201   291030   
1   55926216   291030   
1   55926222   291030   
1   55926232   291030   
1   55926233   291030   
1   55926234   291030   
1   55926245   291030   
1   55926257   291030   
1   55926264   291030   
1   55926282   291030   
1   55926298   291030   
1   55926300   291030   
1   55926336   291031   
1   55926343   291031   
1   55926365   291031   
1   55926389   291031   
1   55926390   291031   
1   55926411   291031   
1   55926414   291031   
1   55926415   291031   
1   55926419   291031   
1   55926422   291031   
1   55926428   291031   
1   55926440   291031   
1   55926444   291031   
1   55926445   291031   
1   55926458   291031   
